# 2008 - Structure Type - National Bridge Inventory - Bridge Inspection - Safety - Bridges & Structures - Federal Highway Administration

| State | ALABAMA | ALASKA | ARIZONA | ARKANSAS | CALIFORNIA | COLORADO | CONNECTICUT | DELAWARE | DIST. OF COL. | FLORIDA | GEORGIA | HAWAII | IDAHO | ILLINOIS | INDIANA | IOWA | KANSAS | KENTUCKY | LOUISIANA | MAINE | MARYLAND | MASSACHUSETTS | MICHIGAN | MINNESOTA | MISSISSIPPI | MISSOURI | MONTANA | NEBRASKA | NEVADA | NEW HAMPSHIRE | NEW JERSEY | NEW MEXICO | NEW YORK | NORTH CAROLINA | NORTH DAKOTA | OHIO | OKLAHOMA | OREGON | PENNSYLVANIA | RHODE ISLAND | SOUTH CAROLINA | SOUTH DAKOTA | TENNESSEE | TEXAS | UTAH | VERMONT | VIRGINIA | WASHINGTON | WEST VIRGINIA | WISCONSIN | WYOMING | PUERTO RICO | TOTALS |
| --- | --- | --- | --- | --- | --- | --- | --- | --- | --- | --- | --- | --- | --- | --- | --- | --- | --- | --- | --- | --- | --- | --- | --- | --- | --- | --- | --- | --- | --- | --- | --- | --- | --- | --- | --- | --- | --- | --- | --- | --- | --- | --- | --- | --- | --- | --- | --- | --- | --- | --- | --- | --- | --- |
| Slab | 758 | 20 | 882 | 1,878 | 5,664 | 344 | 515 | 75 | 4 | 3,194 | 1,142 | 200 | 226 | 2,325 | 3,450 | 4,683 | 4,926 | 673 | 5,453 | 365 | 400 | 569 | 617 | 1,826 | 664 | 2,545 | 278 | 1,839 | 204 | 203 | 677 | 348 | 1,094 | 2,002 | 104 | 4,301 | 2,351 | 2,450 | 1,203 | 71 | 4,249 | 1,296 | 265 | 4,463 | 121 | 416 | 1,595 | 1,328 | 549 | 4,498 | 466 | 403 | 80,172 |
| Stringer /Multi-Beam or Girder | 5,651 | 654 | 1,267 | 4,276 | 3,833 | 3,834 | 2,173 | 367 | 130 | 5,094 | 5,304 | 284 | 2,026 | 7,699 | 6,217 | 13,198 | 9,478 | 3,679 | 4,222 | 1,190 | 2,614 | 2,887 | 5,055 | 5,479 | 7,232 | 13,063 | 3,499 | 8,394 | 235 | 1,362 | 3,719 | 1,476 | 9,886 | 9,362 | 1,701 | 11,553 | 12,385 | 3,053 | 8,312 | 430 | 2,841 | 2,117 | 5,315 | 22,196 | 1,513 | 1,545 | 6,859 | 3,079 | 2,890 | 6,534 | 1,491 | 1,080 | 249,733 |
| Girder & Floorbeam System | 271 | 15 | 32 | 75 | 89 | 88 | 51 | 8 | 31 | 37 | 41 | 40 | 55 | 195 | 146 | 198 | 486 | 123 | 189 | 56 | 93 | 140 | 122 | 259 | 112 | 275 | 93 | 402 | 14 | 38 | 241 | 6 | 498 | 222 | 17 | 480 | 195 | 104 | 722 | 12 | 18 | 27 | 24 | 78 | 19 | 56 | 100 | 124 | 301 | 131 | 47 | 40 | 7,236 |
| Tee Beam | 1,861 | 297 | 163 | 594 | 3,054 | 1,470 | 132 | 3 | 5 | 310 | 2,179 | 253 | 907 | 592 | 211 | 1,173 | 1,269 | 2,473 | 391 | 249 | 158 | 242 | 807 | 13 | 161 | 1,712 | 612 | 637 | 41 | 75 | 74 | 75 | 183 | 691 | 384 | 869 | 727 | 109 | 2,453 | 22 | 881 | 756 | 2,142 | 1,351 | 309 | 295 | 977 | 1,185 | 131 | 5 | 438 | 198 | 36,299 |
| Box Beam or Girders (Multiple) | 131 | 52 | 376 | 64 | 7,408 | 334 | 268 | 106 | 18 | 28 | 193 | 114 | 110 | 8,500 | 4,484 | 42 | 357 | 3,175 | 83 | 11 | 209 | 211 | 2,377 | 84 | 43 | 257 | 14 | 47 | 418 | 36 | 583 | 117 | 1,512 | 37 | 231 | 6,686 | 75 | 554 | 3,295 | 55 | 19 | 33 | 883 | 2,337 | 41 | 20 | 311 | 419 | 1,694 | 105 | 44 | 60 | 48,661 |
| Box Beam or Girders (Single or Spread) | 6 | 7 | 563 | 0 | 202 | 292 | 80 | 16 | 4 | 98 | 109 | 0 | 29 | 52 | 529 | 3 | 8 | 203 | 0 | 4 | 26 | 85 | 155 | 0 | 303 | 248 | 2 | 4 | 31 | 2 | 39 | 15 | 27 | 19 | 593 | 0 | 11 | 39 | 2,499 | 1 | 3 | 4 | 1,540 | 38 | 0 | 2 | 15 | 323 | 34 | 0 | 4 | 6 | 8,273 |
| Frame (Except Culverts) | 141 | 0 | 86 | 16 | 34 | 141 | 123 | 4 | 23 | 15 | 18 | 21 | 522 | 138 | 36 | 17 | 53 | 17 | 0 | 63 | 95 | 114 | 30 | 34 | 66 | 17 | 12 | 11 | 39 | 256 | 152 | 22 | 913 | 32 | 0 | 557 | 45 | 224 | 232 | 24 | 5 | 18 | 53 | 41 | 247 | 17 | 162 | 138 | 32 | 75 | 26 | 28 | 5,185 |
| Orthotropic | 0 | 9 | 1 | 427 | 3 | 0 | 2 | 0 | 0 | 0 | 0 | 0 | 0 | 3 | 0 | 0 | 0 | 0 | 0 | 0 | 0 | 0 | 2 | 0 | 0 | 0 | 0 | 0 | 0 | 0 | 1 | 0 | 3 | 0 | 0 | 0 | 2 | 0 | 1 | 1 | 0 | 0 | 0 | 5 | 0 | 0 | 0 | 2 | 1 | 0 | 0 | 2 | 465 |
| Truss-Deck | 3 | 6 | 7 | 11 | 58 | 6 | 6 | 1 | 0 | 1 | 2 | 2 | 7 | 11 | 10 | 6 | 14 | 10 | 2 | 5 | 9 | 17 | 7 | 4 | 0 | 7 | 10 | 2 | 1 | 3 | 6 | 5 | 34 | 1 | 0 | 22 | 9 | 38 | 51 | 0 | 0 | 2 | 7 | 19 | 2 | 8 | 10 | 31 | 17 | 14 | 3 | 4 | 511 |
| Truss-Thru | 108 | 52 | 26 | 98 | 232 | 89 | 30 | 6 | 0 | 52 | 32 | 9 | 95 | 324 | 469 | 1,266 | 636 | 138 | 50 | 62 | 86 | 91 | 83 | 142 | 73 | 923 | 162 | 917 | 3 | 61 | 180 | 39 | 572 | 44 | 218 | 1,260 | 796 | 151 | 664 | 11 | 39 | 172 | 65 | 273 | 16 | 136 | 152 | 164 | 243 | 104 | 59 | 11 | 11,684 |
| Arch-Deck | 25 | 5 | 34 | 75 | 300 | 45 | 175 | 22 | 16 | 25 | 51 | 26 | 12 | 68 | 743 | 109 | 315 | 24 | 21 | 38 | 206 | 300 | 102 | 76 | 24 | 98 | 13 | 51 | 18 | 59 | 289 | 7 | 751 | 45 | 1 | 356 | 121 | 48 | 956 | 78 | 49 | 11 | 183 | 102 | 14 | 22 | 164 | 168 | 462 | 87 | 6 | 19 | 7015 |
| Arch-Thru | 6 | 0 | 1 | 7 | 17 | 14 | 1 | 1 | 0 | 2 | 0 | 5 | 2 | 15 | 6 | 12 | 45 | 11 | 0 | 4 | 8 | 9 | 18 | 6 | 0 | 10 | 0 | 3 | 0 | 4 | 0 | 1 | 16 | 0 | 1 | 21 | 7 | 16 | 23 | 1 | 0 | 2 | 7 | 11 | 3 | 11 | 11 | 29 | 6 | 8 | 1 | 1 | 383 |
| Suspension | 0 | 0 | 0 | 2 | 11 | 1 | 0 | 2 | 0 | 1 | 0 | 0 | 2 | 3 | 0 | 3 | 0 | 2 | 0 | 3 | 2 | 1 | 1 | 1 | 0 | 7 | 1 | 0 | 0 | 0 | 2 | 0 | 19 | 0 | 0 | 3 | 0 | 3 | 11 | 2 | 0 | 0 | 0 | 5 | 0 | 0 | 0 | 5 | 4 | 0 | 0 | 0 | 97 |
| Stayed Girder | 1 | 2 | 0 | 0 | 0 | 0 | 0 | 1 | 0 | 2 | 2 | 0 | 0 | 10 | 2 | 1 | 0 | 2 | 1 | 0 | 0 | 2 | 0 | 0 | 0 | 3 | 0 | 0 | 0 | 0 | 0 | 0 | 0 | 0 | 0 | 1 | 0 | 0 | 0 | 0 | 1 | 0 | 0 | 0 | 0 | 0 | 1 | 5 | 2 | 0 | 0 | 0 | 39 |
| Movable-Lift | 1 | 0 | 0 | 0 | 5 | 0 | 2 | 0 | 0 | 4 | 0 | 1 | 1 | 5 | 0 | 0 | 0 | 0 | 47 | 7 | 0 | 0 | 1 | 2 | 2 | 0 | 0 | 0 | 0 | 2 | 11 | 0 | 24 | 1 | 0 | 5 | 0 | 9 | 1 | 0 | 0 | 0 | 0 | 2 | 0 | 0 | 3 | 33 | 0 | 8 | 0 | 1 | 178 |
| Movable-Bascule | 1 | 0 | 0 | 0 | 15 | 0 | 8 | 9 | 0 | 134 | 3 | 0 | 0 | 53 | 3 | 0 | 0 | 0 | 12 | 1 | 21 | 22 | 21 | 1 | 5 | 0 | 0 | 0 | 0 | 2 | 34 | 0 | 33 | 6 | 0 | 5 | 0 | 8 | 3 | 0 | 3 | 0 | 1 | 1 | 0 | 1 | 8 | 12 | 0 | 34 | 0 | 0 | 460 |
| Movable-Swing | 0 | 0 | 0 | 0 | 16 | 0 | 4 | 2 | 1 | 10 | 1 | 0 | 0 | 2 | 0 | 1 | 0 | 0 | 93 | 7 | 3 | 7 | 3 | 2 | 3 | 0 | 0 | 0 | 0 | 0 | 11 | 0 | 12 | 11 | 0 | 1 | 0 | 3 | 0 | 1 | 4 | 0 | 0 | 7 | 0 | 0 | 7 | 6 | 0 | 0 | 0 | 0 | 218 |
| Tunnel | 2 | 0 | 0 | 0 | 31 | 0 | 0 | 0 | 11 | 1 | 0 | 0 | 0 | 5 | 0 | 1 | 0 | 0 | 3 | 0 | 0 | 5 | 0 | 1 | 1 | 0 | 0 | 0 | 0 | 0 | 1 | 0 | 2 | 0 | 0 | 0 | 0 | 0 | 2 | 0 | 3 | 0 | 0 | 0 | 0 | 0 | 1 | 1 | 0 | 2 | 0 | 0 | 73 |
| Culvert | 6,053 | 65 | 3,952 | 2,967 | 3,342 | 1,733 | 598 | 234 | 0 | 2,227 | 5,472 | 162 | 116 | 4,286 | 1,669 | 3,833 | 7,847 | 2,873 | 2,478 | 322 | 1,167 | 303 | 1,492 | 5,187 | 3,418 | 4,818 | 206 | 3,109 | 725 | 246 | 441 | 1,677 | 1,704 | 4,968 | 888 | 1,801 | 6,802 | 302 | 1,645 | 28 | 1,078 | 1,229 | 8,537 | 18,544 | 555 | 180 | 3,054 | 290 | 519 | 1,983 | 436 | 316 | 127,877 |
| Mixed Types | 0 | 0 | 0 | 0 | 19 | 0 | 0 | 0 | 0 | 1 | 1 | 0 | 0 | 0 | 0 | 0 | 0 | 1 | 0 | 0 | 1 | 0 | 0 | 0 | 0 | 0 | 2 | 0 | 0 | 0 | 0 | 0 | 2 | 0 | 0 | 0 | 0 | 0 | 0 | 0 | 0 | 0 | 0 | 0 | 0 | 0 | 0 | 0 | 0 | 0 | 0 | 0 | 27 |
| Segmental Box Girder | 1 | 0 | 1 | 0 | 2 | 16 | 2 | 0 | 0 | 66 | 0 | 7 | 1 | 4 | 19 | 1 | 0 | 3 | 0 | 0 | 1 | 32 | 1 | 0 | 7 | 2 | 0 | 1 | 4 | 0 | 1 | 8 | 3 | 4 | 1 | 0 | 4 | 2 | 0 | 1 | 2 | 0 | 0 | 0 | 0 | 0 | 8 | 5 | 7 | 0 | 0 | 1 | 218 |
| Channel Beam | 852 | 0 | 10 | 2,050 | 24 | 0 | 9 | 0 | 0 | 344 | 27 | 0 | 13 | 1,478 | 421 | 220 | 2 | 208 | 268 | 0 | 3 | 0 | 7 | 5 | 4,850 | 201 | 53 | 49 | 0 | 1 | 2 | 69 | 12 | 417 | 309 | 0 | 39 | 171 | 76 | 1 | 12 | 251 | 856 | 0 | 0 | 5 | 1 | 313 | 131 | 227 | 9 | 0 | 13,996 |
| Other | 37 | 17 | 4 | 2 | 36 | 1 | 1 | 0 | 0 | 15 | 1 | 1 | 1 | 334 | 128 | 31 | 81 | 16 | 7 | 5 | 66 | 5 | 36 | 2 | 60 | 18 | 11 | 2 | 2 | 21 | 9 | 0 | 66 | 2 | 3 | 145 | 22 | 8 | 116 | 2 | 14 | 2 | 2 | 1130 | 7 | 1 | 9 | 20 | 21 | 16 | 3 | 0 | 2539 |