# International Matches 2001 - Asian Countries (AFC)

|   | Saudi Arabia | Kazakhstan | China | Indonesia | Turkemistan | Lebanon | Iran | Qatar | South Korea | Uzbekistan | Vietnam | Oman | Japan | Kuwait | India | Thailand | Bahrain | Iraq | UA Emirates | Syria | Palestine | Jordan | Yemen | Nepal | Malaysia | Sri Lanka | North Korea | Bangladesh | Hong Kong | Laos | Singapore | Kyrgyzstan | Maldives | Mongolia | Pakistan | Cambodia | Philippines | Chinese Taipei | Brunei Daruss. | Macao | Afghanistan | Bhutan | Guam | Myanmar | Takijistan |
| --- | --- | --- | --- | --- | --- | --- | --- | --- | --- | --- | --- | --- | --- | --- | --- | --- | --- | --- | --- | --- | --- | --- | --- | --- | --- | --- | --- | --- | --- | --- | --- | --- | --- | --- | --- | --- | --- | --- | --- | --- | --- | --- | --- | --- | --- |
| P | 23 | 7 | 23 | 6 | 6 | 10 | 20 | 26 | 16 | 19 | 6 | 30 | 13 | 15 | 7 | 23 | 22 | 19 | 23 | 13 | 6 | 11 | 11 | 6 | 12 | 8 | 6 | 6 | 6 | 6 | 10 | 7 | 8 | 6 | 6 | 7 | 7 | 6 | 6 | 6 | 0 | 0 | 0 | 0 | 0 |
| W | 16 | 4 | 14 | 4 | 4 | 5 | 11 | 13 | 8 | 10 | 3 | 14 | 6 | 6 | 3 | 10 | 9 | 6 | 9 | 4 | 2 | 3 | 3 | 2 | 3 | 2 | 1 | 1 | 1 | 1 | 1 | 1 | 1 | 0 | 0 | 0 | 0 | 0 | 0 | 0 | 0 | 0 | 0 | 0 | 0 |
| D | 3 | 3 | 5 | 0 | 0 | 4 | 4 | 9 | 4 | 3 | 1 | 7 | 3 | 6 | 2 | 6 | 7 | 7 | 3 | 4 | 1 | 3 | 2 | 0 | 2 | 1 | 2 | 2 | 1 | 1 | 3 | 1 | 1 | 1 | 1 | 1 | 1 | 0 | 0 | 0 | 0 | 0 | 0 | 0 | 0 |
| L | 4 | 0 | 4 | 2 | 2 | 1 | 5 | 4 | 4 | 6 | 2 | 9 | 4 | 3 | 2 | 7 | 6 | 6 | 11 | 5 | 3 | 5 | 1 | 4 | 7 | 5 | 3 | 3 | 4 | 4 | 6 | 5 | 6 | 5 | 5 | 6 | 6 | 6 | 6 | 6 | 0 | 0 | 0 | 0 | 0 |
| GF | 58 | 20 | 52 | 16 | 12 | 32 | 35 | 40 | 21 | 39 | 9 | 64 | 15 | 25 | 12 | 46 | 27 | 41 | 44 | 45 | 8 | 15 | 14 | 13 | 15 | 9 | 5 | 5 | 3 | 3 | 7 | 4 | 8 | 2 | 5 | 2 | 2 | 0 | 0 | 2 | 0 | 0 | 0 | 0 | 0 |
| GA | 16 | 2 | 20 | 7 | 7 | 8 | 20 | 23 | 22 | 25 | 9 | 36 | 12 | 18 | 7 | 38 | 23 | 20 | 32 | 17 | 9 | 15 | 8 | 25 | 26 | 26 | 6 | 15 | 10 | 40 | 17 | 12 | 26 | 22 | 29 | 23 | 32 | 25 | 28 | 31 | 0 | 0 | 0 | 0 | 0 |
| PTS | 51 | 15 | 47 | 12 | 12 | 19 | 37 | 48 | 28 | 33 | 10 | 49 | 21 | 24 | 11 | 36 | 34 | 25 | 30 | 16 | 7 | 12 | 11 | 6 | 11 | 7 | 5 | 5 | 4 | 4 | 6 | 4 | 4 | 1 | 1 | 1 | 1 | 0 | 0 | 0 | 0 | 0 | 0 | 0 | 0 |
| % | 73,91 | 71,43 | 68,12 | 66,67 | 66,67 | 63,33 | 61,67 | 61,54 | 58,33 | 57,89 | 55,56 | 54,44 | 53,85 | 53,33 | 52,38 | 52,17 | 51,52 | 43,86 | 43,48 | 41,03 | 38,89 | 36,36 | 33,33 | 33,33 | 30,56 | 29,17 | 27,78 | 27,78 | 22,22 | 22,22 | 20,00 | 19,05 | 16,67 | 5,56 | 5,56 | 4,76 | 4,76 | 0,00 | 0,00 | 0,00 | 0,00 | 0,00 | 0,00 | 0,00 | 0,00 |