# Historical urban community sizes - Wikipedia, the free encyclopedia

| City | Agra | Ahmedabad | Amsterdam | Ayutthaya | Beijing | Berlin | Cairo | Copenhagen | Edo (Tokyo) | Esfahān | Glasgow[134] | Guangzhou | Hangzhou | Constantinople/Istanbul | Kagoshima | Kanazawa | Kyoto | Lahore | Liverpool | London | Madrid | Manchester | Mexico City | Milan [113] | Moscow | Nagoya | Nanjing | Naples | New York City | Osaka | Paris | Philadelphia | Rome | Saint Petersburg | Seoul | Sunpu | Suzhou | Venice [113] | Vienna[143][144] | Xi'an | Yamaguchi |
| --- | --- | --- | --- | --- | --- | --- | --- | --- | --- | --- | --- | --- | --- | --- | --- | --- | --- | --- | --- | --- | --- | --- | --- | --- | --- | --- | --- | --- | --- | --- | --- | --- | --- | --- | --- | --- | --- | --- | --- | --- | --- |
| 1600 | 500,000 [73] |  | 60,000[130] |  | 706,000 [70] 1,000,000 [36] |  | 200,000 [73] |  | 60,000 [73] 500.000 (1609)[132] | 600,000 [73] | 7,000 | 180,000 [73] | 270,000 [73] | 400,000[2] 700,000 [73] |  |  | 300,000 [73] |  |  | 200,000 [114] |  |  |  | 150,000 | 300,000[73] |  | 194,000 [73] | 224,000 [73] |  | 360,000 [73] | 245,000[73] |  |  |  |  | 100,000 [73] |  | 180,000 |  | 138,000 [73] | 80,000 [73] |
| 1650 |  |  | 140.000[130] |  | 470,000 [73] | 6,500[131] |  | 29,000 |  |  | 14,000 | 200,000 [73] | 281,000 [73] | 700,000 [73] |  |  | 350,000[135] | 360,000 [73] |  | 410,000 [73] 350,000 [114] |  |  |  |  | 100,000[73] |  | 178,000 [73] | 400,000 [138][139] |  |  | 455,000[73] |  |  |  | 150,000 [73] |  |  |  | 50,000 |  |  |
| 1700 |  | 380,000 [73] |  | 1,000,000[36] | 650,000 [70] |  |  | 65,000 | 688,000 [73] 1,000,000 (1721)[133] | 350,000 [73] | 14,000 | 200,000 [73] | 303,000 [73] | 600,000[2] 700,000 [73] |  | 67,000 [73] | 400,000+[132][136] 350,000 [73] |  |  | 550,000 [73][114] 600,000[2] |  |  |  | 125,000 |  | 65,000 [73] |  | 207,000 [113] | 5,000 | 350,000+[136] 380,000 [73] | 530,000[73] |  | 150,000[113] |  | 158,000 [73] |  |  | 145,000 | 113,000 | 167,000 [73] |  |
| 1750 |  |  | 219,000 [73] |  | 900,000 [73] | 90,000[131] |  | 80,000 |  |  | 23,500 | 400,000 [73] | 340,000 [73] | 625,000 [73] |  |  | 526,225[135] |  |  | 676,000 [73] 700,000 [114] |  |  |  |  |  |  |  | 310,000 [73] | 13,000 | 400.000 (1749) [132] | 556,000[73] |  |  | 74.273 [132] | 187,000 [73] |  |  |  | 175,400 | 195,000 [73] |  |
| 1800 |  |  |  |  | 1,100,000 [36][70] | 172,000[131] |  | 100,000 | 1,100,000[70] 685,000 [73] |  | 77,000 | 1,000,000 [36] 800,000 [73] | 387,000 [73] | 570,000 [73] | 67,000 [73] |  | 377,000 [70] |  |  | 861,000 [73] 959,300 (1801) [114] | 400.000[132] |  |  | 160,000 | 248,000[73] | 92,000 [73] |  | 430,000 [73] | 61,000 | 383,000 [70] 500.000 (1783) [132] | 547,756[73][142] |  |  | 217.948 [132] |  |  | 243,000 [73] | 160,000 | 235,098 | 224,000 [73] |  |
| 1825 |  |  |  |  | 1,350,000 [73] |  |  |  |  |  | 170,000 | 900,000 [73] | 410,000 [73] | 675,000 [73] |  |  |  |  |  | 1,335,000 [73] |  |  |  |  |  |  |  | 350,000 [73] | 202.000 (1830) [140] |  | 855,000 [73] | 161.000 (1830) [140] |  | 438,000 [73] |  |  | 302,000 [73] |  | 401,200 | 259,000 [73] |  |
| 1850 |  |  |  |  | 1,648,000 [73] | 419,000[131] |  | 150,000 |  |  | 329,000 | 875,000 [73] |  | 785,000 [73] |  |  |  |  | 375.955 (1851) [137] | 2,320,000 [73] 2,363,000 (1851) [114] |  | 303.385 (1851) [137] | 170.000[137] |  | 373.800[137] |  |  | 413.000 [137] | 515.594 [141] |  | 1,314,000 [73] | 409.353[141] |  | 532.241 (1852) [137] |  |  |  |  | 551,300 |  |  |
| 1875 |  |  |  |  |  | 1,122,330 [73] 966,900[131] |  | 260,000 |  |  | 494,000 |  |  |  |  |  |  |  |  | 4,241,000 [73] |  |  |  |  |  |  |  |  | 1,900,000 [73] |  | 2,250,000 [73] |  |  | 1,035,000 |  |  |  |  | 1,162,591 |  |  |