# Global Religion Adherents by Country (Headcounts, Selected Religions)

| Country | Christianity (people) | Islam (people) | Hinduism (people) | Buddhism (people) | Unaffiliated (people) | Folk/Other (people) |
|---|---:|---:|---:|---:|---:|---:|
| India | 30,000,000 | 200,000,000 | 1,000,000,000 | 9,000,000 | 25,000,000 | 15,000,000 |
| China | 70,000,000 | 25,000,000 | 2,000,000 | 185,000,000 | 900,000,000 | 120,000,000 |
| United States | 230,000,000 | 3,500,000 | 2,300,000 | 3,900,000 | 45,000,000 | 1,200,000 |
| Indonesia | 25,000,000 | 210,000,000 | 4,500,000 | 2,000,000 | 2,500,000 | 8,000,000 |
| Nigeria | 100,000,000 | 95,000,000 | 50,000 | 30,000 | 1,000,000 | 15,000,000 |
| Brazil | 170,000,000 | 1,200,000 | 10,000 | 250,000 | 25,000,000 | 3,000,000 |
| Germany | 48,000,000 | 5,500,000 | 120,000 | 250,000 | 28,000,000 | 150,000 |
| Japan | 2,000,000 | 150,000 | 30,000 | 45,000,000 | 60,000,000 | 70,000,000 |