# Cinema Chain Revenue and Attendance (Yearly Operational Metrics)

| Year | Cinema Chain | Box Office Revenue (USD) | Concession Revenue (USD) | Total Revenue (USD) | Admissions | Avg Ticket Price | Screens |
|---|---|---:|---:|---:|---:|---:|---:|
| 2019 | Chain One | 1,850,000,000 | 920,000,000 | 2,770,000,000 | 210,000,000 | 8.81 | 6,200 |
| 2019 | Chain Two | 1,120,000,000 | 560,000,000 | 1,680,000,000 | 140,000,000 | 8.00 | 4,100 |
| 2020 | Chain One | 520,000,000 | 210,000,000 | 730,000,000 | 60,000,000 | 8.67 | 6,050 |
| 2020 | Chain Two | 310,000,000 | 130,000,000 | 440,000,000 | 38,000,000 | 8.16 | 4,020 |
| 2021 | Chain One | 980,000,000 | 430,000,000 | 1,410,000,000 | 105,000,000 | 9.33 | 6,120 |
| 2021 | Chain Two | 640,000,000 | 290,000,000 | 930,000,000 | 75,000,000 | 8.53 | 4,060 |
| 2022 | Chain One | 1,520,000,000 | 760,000,000 | 2,280,000,000 | 160,000,000 | 9.50 | 6,180 |
| 2022 | Chain Two | 910,000,000 | 420,000,000 | 1,330,000,000 | 102,000,000 | 8.92 | 4,110 |