# Selected U.S. States  Population by Age Group (2020)

| State | Total Population (2020) | Under 18 | 18–64 | 65 and over | Median Age |
|---|---:|---:|---:|---:|---:|
| California | 39,538,223 | 8,760,000 | 24,900,000 | 5,878,000 | 36.8 |
| Texas | 29,145,505 | 7,450,000 | 18,900,000 | 2,795,000 | 35.0 |
| Florida | 21,538,187 | 3,980,000 | 12,900,000 | 4,658,000 | 42.2 |
| New York | 20,201,249 | 3,950,000 | 12,600,000 | 3,651,000 | 39.2 |
| Illinois | 12,812,508 | 2,820,000 | 7,950,000 | 2,042,000 | 38.6 |
| Pennsylvania | 13,002,700 | 2,680,000 | 7,820,000 | 2,503,000 | 40.8 |
| Ohio | 11,799,448 | 2,450,000 | 7,030,000 | 2,319,000 | 39.6 |