# U.S. States Population by Race Ethnicity (2020 Census)

| State | Total Population (2020) | White alone | Black alone | Asian alone | Hispanic/Latino (any race) |
|---|---:|---:|---:|---:|---:|
| California | 39,538,223 | 13,714,000 | 2,576,000 | 6,085,000 | 15,579,000 |
| Texas | 29,145,505 | 11,420,000 | 3,442,000 | 1,698,000 | 11,442,000 |
| Florida | 21,538,187 | 12,373,000 | 3,707,000 | 651,000 | 5,712,000 |
| New York | 20,201,249 | 11,151,000 | 3,464,000 | 1,900,000 | 3,948,000 |
| Illinois | 12,812,508 | 7,104,000 | 1,834,000 | 908,000 | 2,336,000 |
| Pennsylvania | 13,002,700 | 9,509,000 | 1,424,000 | 510,000 | 1,047,000 |
| Ohio | 11,799,448 | 9,085,000 | 1,527,000 | 294,000 | 532,000 |