# Deposit Interest Rate by Economy (Annual, %)

| Year | China | India | Brazil | Mexico | South Africa | Russia | Turkey | Indonesia | Saudi Arabia | Singapore |
| --- | ---:| ---:| ---:| ---:| ---:| ---:| ---:| ---:| ---:| ---:|
| 2016 | 1.50 | 6.50 | 12.00 | 3.50 | 6.80 | 7.80 | 9.50 | 6.50 | 0.90 | 0.25 |
| 2017 | 1.50 | 6.25 | 9.90 | 3.60 | 6.70 | 6.70 | 11.00 | 6.00 | 1.00 | 0.35 |
| 2018 | 1.50 | 6.50 | 6.50 | 4.00 | 7.10 | 6.90 | 17.00 | 5.75 | 1.10 | 0.60 |
| 2019 | 1.50 | 6.25 | 4.50 | 4.20 | 6.90 | 6.20 | 12.00 | 5.50 | 1.20 | 0.90 |
| 2020 | 1.50 | 5.50 | 2.00 | 3.00 | 4.80 | 4.50 | 9.00 | 4.25 | 0.80 | 0.40 |
| 2021 | 1.50 | 5.00 | 3.00 | 3.50 | 4.20 | 5.50 | 16.00 | 3.75 | 0.70 | 0.15 |
| 2022 | 1.50 | 5.50 | 6.00 | 6.50 | 5.50 | 7.50 | 30.00 | 4.50 | 1.50 | 1.80 |