# U.S. State Population Trend (Census 2000, 2010 and Annual Estimates 2015–2020) — Selected States

| State | 2000 Census | 2010 Census | 2015 Estimate | 2018 Estimate | 2019 Estimate | 2020 Estimate |
|---|---:|---:|---:|---:|---:|---:|
| Washington | 5,894,121 | 6,724,540 | 7,170,351 | 7,535,591 | 7,614,893 | 7,705,281 |
| Oregon | 3,421,399 | 3,831,074 | 4,029,030 | 4,190,713 | 4,217,737 | 4,241,500 |
| Arizona | 5,130,632 | 6,392,017 | 6,817,565 | 7,171,646 | 7,278,717 | 7,378,494 |
| Colorado | 4,301,261 | 5,029,196 | 5,456,574 | 5,695,564 | 5,758,736 | 5,812,069 |
| Utah | 2,233,169 | 2,763,885 | 2,993,039 | 3,161,105 | 3,205,958 | 3,271,616 |
| Nevada | 1,998,257 | 2,700,551 | 2,890,845 | 3,034,392 | 3,080,156 | 3,104,614 |
| New Mexico | 1,819,046 | 2,059,179 | 2,085,109 | 2,095,428 | 2,096,829 | 2,117,522 |