# Demographics of Estonia
> Vital statistics

|  | Average population (x 1000) | Live births | Deaths | Natural change | Crude birth rate (per 1000) | Crude death rate (per 1000) | Natural change (per 1000) |
| --- | --- | --- | --- | --- | --- | --- |
| 1900 | 428 | 12 487 | 8 227 | 4 260 | 29.2 | 19.2 | 10.0 |
| 1901 | 430 | 12 703 | 8 428 | 4 275 | 29.5 | 19.6 | 9.9 |
| 1902 | 434 | 13 101 | 7 724 | 5 377 | 30.2 | 17.8 | 12.4 |
| 1903 | 440 | 12 704 | 8 004 | 4 700 | 28.9 | 18.2 | 10.7 |
| 1904 | 446 | 12 753 | 8 279 | 4 474 | 28.6 | 18.6 | 10.0 |
| 1905 | 449 | 11 991 | 9 694 | 2 297 | 26.7 | 21.6 | 5.1 |
| 1906 | 452 | 12 417 | 8 842 | 3 575 | 27.4 | 19.5 | 7.9 |
| 1907 | 455 | 12 304 | 8 730 | 3 574 | 27.0 | 19.2 | 7.9 |
| 1908 | 459 | 11 861 | 8 495 | 3 366 | 25.8 | 18.5 | 7.3 |
| 1909 | 464 | 11 970 | 8 297 | 3 673 | 25.8 | 17.9 | 7.9 |
| 1910 | 466 | 12 193 | 8 204 | 3 989 | 26.2 | 17.6 | 8.6 |
| 1911 | 472 | 11 749 | 8 976 | 2 773 | 24.9 | 19.0 | 5.9 |
| 1912 | 480 | 11 900 | 8 431 | 3 469 | 24.8 | 17.6 | 7.2 |
| 1913 | 491 | 11 653 | 9 089 | 2 564 | 23.7 | 18.5 | 5.2 |
| 1914 | 506 | 11 854 | 9 212 | 2 642 | 23.4 | 18.2 | 5.2 |