# Demographics of Moldova
> Vital Statistics

|  | Average population (x 1000) | Live births | Deaths | Natural change | Crude birth rate (per 1000) | Crude death rate (per 1000) | Natural change (per 1000) |
| --- | --- | --- | --- | --- | --- | --- |
| 1900 | 2 037 | 83 306 | 48 480 | 34 826 | 40.9 | 23.8 | 17.1 |
| 1901 | 2 073 | 87 797 | 46 296 | 41 501 | 42.3 | 22.3 | 20.0 |
| 1902 | 2 113 | 96 641 | 55 423 | 41 218 | 45.7 | 26.2 | 19.5 |
| 1903 | 2 154 | 94 936 | 53 236 | 41 700 | 44.1 | 24.7 | 19.4 |
| 1904 | 2 194 | 99 265 | 55 436 | 43 829 | 45.3 | 25.3 | 20.0 |
| 1905 | 2 237 | 80 085 | 62 387 | 17 698 | 35.8 | 27.9 | 7.9 |
| 1906 | 2 267 | 95 090 | 55 638 | 39 452 | 41.9 | 24.5 | 17.4 |
| 1907 | 2 303 | 107 195 | 59 964 | 47 231 | 46.5 | 26.0 | 20.5 |
| 1908 | 2 345 | 96 088 | 54 772 | 41 316 | 41.0 | 23.4 | 17.6 |
| 1909 | 2 395 | 105 681 | 62 498 | 43 183 | 44.1 | 26.1 | 18.0 |
| 1910 | 2 441 | 101 544 | 77 356 | 24 188 | 41.6 | 31.7 | 9.9 |
| 1911 | 2 488 | 97 864 | 74 093 | 23 771 | 39.3 | 29.8 | 9.6 |
| 1912 | 2 540 | 102 654 | 77 431 | 25 223 | 40.4 | 30.5 | 9.9 |
| 1913 | 2 602 | 102 397 | 77 745 | 24 652 | 39.4 | 29.9 | 9.5 |
| 1914 | 2 625 | 100 871 | 79 202 | 21 669 | 38.4 | 30.2 | 8.3 |