# Demographics of Mongolia
> Vital statistics

|  | Average population (x 1000) | Live births | Deaths | Natural change | Crude birth rate (per 1000) | Crude death rate (per 1000) | Natural change (per 1000) | Total fertility rate |
| --- | --- | --- | --- | --- | --- | --- | --- |
| 2007 | 2 615 | 56 636 | 16 259 | 40 377 | 21.7 | 6.2 | 15.4 | 2.341 |
| 2008 | 2 659 | 63 768 | 15 413 | 48 355 | 24.0 | 5.8 | 18.2 | 2.595 |
| 2009 | 2 710 | 69 167 | 16 911 | 52 256 | 25.7 | 6.3 | 19.4 | 2.695 |
| 2010 | 2 758 | 63 270 | 18 293 | 44 977 | 23.1 | 6.7 | 16.4 | 2.390 |
| 2011 |  | 69 853 | 19 155 | 50 698 | 25.1 | 6.9 | 18.2 | 2.6 |
| 2012 |  | 73 839 | 17 761 | 56 078 | 26.0 | 6.3 | 19.7 | 2.7 |
| 2013 |  | 79 780 | 17 247 | 62 533 | 27.5 | 5.9 | 21.6 | 3.0 |
| 2014 |  | 82 839 | 16 521 | 66,318 | 28.0 | 5.6 | 22.4 | 3.1 |