# Demographics of Romania
> Vital statistics

|  | Average population (x 1000) | Live births | Deaths | Natural change | Crude birth rate (per 1000) | Crude death rate (per 1000) | Natural change (per 1000) |
| --- | --- | --- | --- | --- | --- | --- |
| 1900 | 6 050 | 235 000 | 146 000 | 89 000 | 38.8 | 24.2 | 14.6 |
| 1901 | 6 120 | 241 000 | 160 000 | 81 000 | 39.3 | 26.2 | 13.1 |
| 1902 | 6 210 | 242 000 | 172 000 | 70 000 | 39.0 | 27.7 | 11.3 |
| 1903 | 6 290 | 252 000 | 156 000 | 96 000 | 40.1 | 24.8 | 15.3 |
| 1904 | 6 390 | 256 000 | 156 000 | 100 000 | 40.1 | 24.4 | 15.7 |
| 1905 | 6 480 | 248 000 | 160 000 | 88 000 | 38.3 | 24.7 | 13.6 |
| 1906 | 6 570 | 262 000 | 157 000 | 105 000 | 39.9 | 23.9 | 16.0 |
| 1907 | 6 680 | 274 000 | 176 000 | 98 000 | 41.1 | 26.3 | 14.8 |
| 1908 | 6 770 | 273 000 | 185 000 | 88 000 | 40.3 | 27.4 | 12.9 |
| 1909 | 6 860 | 282 000 | 188 000 | 94 000 | 41.1 | 27.4 | 13.7 |
| 1910 | 6 970 | 274 000 | 173 000 | 101 000 | 39.3 | 24.8 | 14.5 |
| 1911 | 7 090 | 300 000 | 179 000 | 121 000 | 42.3 | 25.3 | 17.0 |
| 1912 | 7 240 | 314 000 | 166 000 | 148 000 | 43.4 | 22.9 | 20.5 |
| 1913 | 7 360 | 310 000 | 192 000 | 118 000 | 42.1 | 26.1 | 16.0 |
| 1914 | 7 770 | 327 000 | 183 000 | 144 000 | 42.1 | 23.5 | 18.6 |
| 1915 | 7 910 | 320 000 | 194 000 | 126 000 | 40.5 | 24.5 | 16.0 |