# External Debt Stocks (Current US$) by Country and Year

| Country | 2019 | 2020 | 2021 | 2022 | Unit |
| --- | ---: | ---: | ---: | ---: | --- |
| Nigeria | 98,400,000,000 | 112,700,000,000 | 119,900,000,000 | 129,600,000,000 | current US$ |
| Kenya | 55,200,000,000 | 61,800,000,000 | 67,300,000,000 | 73,900,000,000 | current US$ |
| Egypt | 155,600,000,000 | 173,200,000,000 | 188,500,000,000 | 199,400,000,000 | current US$ |
| Pakistan | 106,900,000,000 | 114,800,000,000 | 127,100,000,000 | 130,300,000,000 | current US$ |
| Vietnam | 125,400,000,000 | 138,600,000,000 | 152,800,000,000 | 165,900,000,000 | current US$ |
| Philippines | 102,300,000,000 | 111,900,000,000 | 124,600,000,000 | 133,200,000,000 | current US$ |
| Indonesia | 403,700,000,000 | 417,500,000,000 | 432,900,000,000 | 451,600,000,000 | current US$ |
| Turkey | 455,200,000,000 | 450,800,000,000 | 458,100,000,000 | 465,300,000,000 | current US$ |