# GDP per capita (current US$) by country — emerging & developing economies (2012–2017)

| Country name | 2012 | 2013 | 2014 | 2015 | 2016 | 2017 |
| --- | ---: | ---: | ---: | ---: | ---: | ---: |
| Indonesia | 3,680.00 | 3,620.00 | 3,490.00 | 3,330.00 | 3,600.00 | 3,850.00 |
| Vietnam | 1,740.00 | 1,880.00 | 2,050.00 | 2,110.00 | 2,220.00 | 2,340.00 |
| Philippines | 2,650.00 | 2,850.00 | 2,950.00 | 3,010.00 | 3,120.00 | 3,240.00 |
| Thailand | 5,800.00 | 6,220.00 | 5,950.00 | 5,810.00 | 5,970.00 | 6,590.00 |
| South Africa | 7,510.00 | 6,940.00 | 6,430.00 | 5,740.00 | 5,280.00 | 6,150.00 |
| Nigeria | 2,740.00 | 3,000.00 | 3,220.00 | 2,690.00 | 2,180.00 | 1,970.00 |
| Kenya | 1,260.00 | 1,330.00 | 1,420.00 | 1,380.00 | 1,500.00 | 1,670.00 |
| Egypt | 3,060.00 | 3,150.00 | 3,190.00 | 3,360.00 | 2,510.00 | 2,410.00 |