# GDP per capita (current US$) by country — selected economies (2016–2020)

| Country name | 2016 | 2017 | 2018 | 2019 | 2020 |
| --- | ---: | ---: | ---: | ---: | ---: |
| United States | 57,950.00 | 60,060.00 | 62,870.00 | 65,120.00 | 63,540.00 |
| Canada | 42,090.00 | 45,030.00 | 46,250.00 | 46,190.00 | 43,240.00 |
| Germany | 42,120.00 | 44,470.00 | 47,610.00 | 46,420.00 | 45,220.00 |
| Japan | 38,790.00 | 38,610.00 | 39,290.00 | 40,240.00 | 40,150.00 |
| United Kingdom | 40,420.00 | 40,610.00 | 43,060.00 | 42,330.00 | 40,060.00 |
| Australia | 49,340.00 | 53,250.00 | 57,210.00 | 54,020.00 | 51,810.00 |
| Brazil | 8,750.00 | 9,920.00 | 9,070.00 | 8,820.00 | 6,920.00 |
| India | 1,730.00 | 1,980.00 | 2,010.00 | 2,100.00 | 1,900.00 |