# External Debt (DOD, current US$) with GDP and Exchange Rate by Country, 2011–2014

| Country name | 2011 External Debt (US$) | 2012 External Debt (US$) | 2013 External Debt (US$) | 2014 External Debt (US$) | 2014 GDP (current US$) | Avg FX Rate (LCU/US$) |
|---|---:|---:|---:|---:|---:|---:|
| Ethiopia | 8,603,553,000 | 10,462,401,000 | 12,556,584,000 | 16,585,085,000 | 55,000,000,000 | 20.0 |
| Kenya | 7,900,000,000 | 9,800,000,000 | 12,300,000,000 | 15,400,000,000 | 61,000,000,000 | 87.9 |
| Ghana | 13,200,000,000 | 15,100,000,000 | 18,500,000,000 | 22,000,000,000 | 38,000,000,000 | 3.2 |
| Nigeria | 9,500,000,000 | 10,200,000,000 | 11,400,000,000 | 12,600,000,000 | 568,000,000,000 | 158.6 |
| Tanzania | 9,100,000,000 | 10,300,000,000 | 11,900,000,000 | 13,700,000,000 | 47,000,000,000 | 1,650 |
| Uganda | 4,800,000,000 | 5,600,000,000 | 6,900,000,000 | 8,200,000,000 | 27,000,000,000 | 2,600 |
| Rwanda | 1,300,000,000 | 1,600,000,000 | 2,000,000,000 | 2,600,000,000 | 8,000,000,000 | 690 |
| Senegal | 6,200,000,000 | 7,100,000,000 | 8,400,000,000 | 9,900,000,000 | 15,000,000,000 | 494 |