# Top Box Office Films with Week-by-Week Gross Breakdown

| Rank | Film | Total Gross (USD) | Week 1 (USD) | Week 2 (USD) | Week 3 (USD) | Week 4 (USD) |
| --- | --- | ---: | ---: | ---: | ---: | ---: |
| 1 | The Avengers | 1,518,815,515 | 270,000,000 | 180,000,000 | 120,000,000 | 85,000,000 |
| 2 | Black Panther | 1,346,913,161 | 240,000,000 | 150,000,000 | 95,000,000 | 70,000,000 |
| 3 | The Dark Knight | 1,006,234,167 | 210,000,000 | 140,000,000 | 90,000,000 | 55,000,000 |
| 4 | Inception | 836,848,102 | 110,000,000 | 80,000,000 | 55,000,000 | 40,000,000 |
| 5 | Toy Story 3 | 1,066,970,811 | 160,000,000 | 115,000,000 | 80,000,000 | 60,000,000 |
| 6 | Finding Dory | 1,028,570,942 | 190,000,000 | 120,000,000 | 75,000,000 | 55,000,000 |
| 7 | Shrek 2 | 935,253,978 | 150,000,000 | 95,000,000 | 65,000,000 | 50,000,000 |