# Planet–Sun Distance by Orbit Segment (Perihelion Aphelion) — AU, km, miles

| Planet | Perihelion (AU) | Perihelion (km) | Perihelion (miles) | Aphelion (AU) | Aphelion (km) | Aphelion (miles) |
| --- | ---: | ---: | ---: | ---: | ---: | ---: |
| Mercury | 0.307 | 46,001,200 | 28,584,000 | 0.467 | 69,816,900 | 43,382,000 |
| Venus | 0.718 | 107,476,000 | 66,780,000 | 0.728 | 108,942,000 | 67,690,000 |
| Earth | 0.983 | 147,098,000 | 91,402,000 | 1.017 | 152,100,000 | 94,511,000 |
| Mars | 1.382 | 206,700,000 | 128,400,000 | 1.666 | 249,200,000 | 154,900,000 |
| Jupiter | 4.950 | 740,600,000 | 460,200,000 | 5.458 | 816,400,000 | 507,400,000 |
| Saturn | 9.041 | 1,352,600,000 | 840,600,000 | 10.124 | 1,514,500,000 | 941,000,000 |
| Uranus | 18.286 | 2,734,800,000 | 1,699,000,000 | 20.096 | 3,005,800,000 | 1,868,000,000 |
| Neptune | 29.810 | 4,459,700,000 | 2,771,000,000 | 30.330 | 4,537,000,000 | 2,819,000,000 |