# GDP per Capita by Country (constant 2015 US$)

| Country | 2010 | 2012 | 2014 | 2016 | 2018 | 2020 |
| --- | ---: | ---: | ---: | ---: | ---: | ---: |
| United States | 52,100 | 53,000 | 54,200 | 55,000 | 56,300 | 54,900 |
| United Kingdom | 41,800 | 42,200 | 43,300 | 44,000 | 44,900 | 42,800 |
| Canada | 44,700 | 45,100 | 46,000 | 46,400 | 47,100 | 45,000 |
| Australia | 46,200 | 46,600 | 47,200 | 47,700 | 48,400 | 46,900 |
| Mexico | 15,800 | 16,100 | 16,700 | 17,100 | 17,600 | 15,900 |
| Indonesia | 8,600 | 9,100 | 9,800 | 10,600 | 11,400 | 10,900 |
| Nigeria | 5,600 | 5,900 | 6,100 | 5,800 | 5,700 | 5,000 |