# GDP per Capita by Country (PPP, current international $)

| Country | 2018 | 2019 | 2020 | 2021 | 2022 |
| --- | ---: | ---: | ---: | ---: | ---: |
| United States | 62,900 | 65,300 | 63,500 | 69,200 | 76,300 |
| Germany | 53,700 | 55,900 | 53,900 | 59,400 | 66,900 |
| Japan | 45,100 | 46,600 | 44,500 | 48,700 | 55,200 |
| China | 16,700 | 17,900 | 18,200 | 20,100 | 22,400 |
| India | 6,600 | 6,900 | 6,500 | 7,200 | 7,800 |
| Brazil | 15,600 | 15,800 | 14,600 | 16,000 | 18,100 |
| South Africa | 13,600 | 13,400 | 12,300 | 13,300 | 15,000 |