# GDP per Capita by Country (current prices, EUR)

| Country | 2016 | 2017 | 2018 | 2019 | 2020 |
| --- | ---: | ---: | ---: | ---: | ---: |
| Germany | 38,900 | 40,300 | 41,200 | 41,700 | 39,600 |
| France | 33,200 | 34,100 | 34,800 | 35,100 | 33,400 |
| Italy | 27,900 | 28,600 | 29,200 | 29,600 | 27,500 |
| Spain | 25,300 | 26,100 | 26,800 | 27,100 | 24,900 |
| Netherlands | 43,700 | 45,200 | 46,500 | 46,900 | 44,200 |
| Belgium | 36,500 | 37,600 | 38,400 | 38,800 | 36,900 |
| Austria | 39,700 | 40,900 | 41,800 | 42,000 | 39,800 |