# Demographics of Bulgaria
> Vital statistics

|  | Average population (x 1000) | Live births | Deaths | Natural change | Crude birth rate (per 1000) | Crude death rate (per 1000) | Natural change (per 1000) |
| --- | --- | --- | --- | --- | --- | --- |
| 1900 | 3 710 | 157 000 | 84 000 | 73 000 | 42.3 | 22.6 | 19.7 |
| 1901 | 3 740 | 141 000 | 87 000 | 54 000 | 37.7 | 23.3 | 14.4 |
| 1902 | 3 800 | 149 000 | 91 000 | 58 000 | 39.2 | 23.9 | 15.3 |
| 1903 | 3 850 | 159 000 | 88 000 | 71 000 | 41.3 | 22.9 | 18.4 |
| 1904 | 3 910 | 167 000 | 84 000 | 83 000 | 42.7 | 21.5 | 21.2 |
| 1905 | 4 000 | 174 000 | 87 000 | 87 000 | 43.5 | 21.8 | 21.8 |
| 1906 | 4 100 | 179 000 | 91 000 | 88 000 | 43.7 | 22.2 | 21.5 |
| 1907 | 4 150 | 180 000 | 92 000 | 88 000 | 43.4 | 22.2 | 21.2 |
| 1908 | 4 200 | 169 000 | 102 000 | 67 000 | 40.2 | 24.3 | 16.0 |
| 1909 | 4 280 | 173 000 | 113 000 | 60 000 | 40.4 | 26.4 | 14.0 |
| 1910 | 4 350 | 180 000 | 100 000 | 80 000 | 41.4 | 23.0 | 18.4 |
| 1911 | 4 400 | 176 000 | 94 000 | 82 000 | 40.0 | 21.4 | 18.6 |
| 1912 | 4 430 | 185 000 | 91 000 | 94 000 | 41.8 | 20.5 | 21.2 |
| 1913 | 4 200 | 108 000 | 122 000 | -14 000 | 25.7 | 29.0 | -3.3 |
| 1914 | 4 240 | 191 000 | 88 000 | 103 000 | 45.0 | 20.8 | 24.3 |
| 1915 | 4 280 | 172 000 | 85 000 | 87 000 | 40.2 | 19.9 | 20.3 |