# Demographics of Moldova
> Vital Statistics

|  | Average population (x 1000) | Live births | Deaths | Natural change | Crude birth rate (per 1000) | Crude death rate (per 1000) | Natural change (per 1000) |
| --- | --- | --- | --- | --- | --- | --- |
| 1997 | 657 | 5 703 | 8 181 | -2 478 | 8.7 | 12.5 | -3.8 |
| 1998 | 647 | 5 423 | 7 769 | -2 346 | 8.4 | 12.0 | -3.6 |
| 1999 | 640 | 5 010 | 7 589 | -2 579 | 7.8 | 11.9 | -4.0 |
| 2000 | 656 | 5 010 | 7 770 | -2 760 | 7.6 | 11.8 | -4.2 |
| 2001 | 647 | 4 530 | 7 770 | -3 240 | 7.0 | 12.0 | -5.0 |
| 2002 | 638 | 4 660 | 8 100 | -3 440 | 7.3 | 12.7 | -5.4 |
| 2003 | 629 | 4 460 | 8 170 | -3 710 | 7.1 | 13.0 | -5.9 |
| 2004 | 558 | 4 840 | 8 031 | -3 191 | 8.7 | 14.4 | -5.7 |
| 2005 | 551 | 4 664 | 8 186 | -3 522 | 8.5 | 14.8 | -6.4 |
| 2006 | 544 | 4 840 | 8 320 | -3 480 | 8.9 | 15.3 | -6.4 |
| 2007 | 537 | 4 893 | 8 132 | -3 239 | 9.1 | 15.1 | -6.0 |
| 2008 | 531 | 5 290 | 7 967 | -2 677 | 10.0 | 15.0 | -5.0 |
| 2009 | 525 | 5 189 | 7 454 | -2 265 | 9.9 | 14.2 | -4.3 |
| 2010 | 520 | 5 189 | 7 709 | -2 520 | 10.0 | 14.8 | -4.8 |
| 2011 | 516 | 4 999 | 7 289 | -2 290 | 9.7 | 14.1 | -4.4 |
| 2012 | 511 | 5 173 | 7 280 | -2 107 | 10.1 | 14.2 | -4.1 |
| 2013 | 507 | 4 825 | 6 867 | -2 042 | 9.5 | 13.5 | -4.0 |