# Demographics of Tajikistan
> Vital statistics

|  | Average population (x 1000) | Live births in thousands | Deaths in thousands | Natural change | Crude birth rate (per 1000) | Crude death rate (per 1000) | Natural change (per 1000) |
| --- | --- | --- | --- | --- | --- | --- |
| 1950 | 1531,7 | 46,571 | 12,543 | 34,028 | 30.4 | 8.2 | 22.2 |
| 1951 | 1586,8 | 48,407 | 12,384 | 36,023 | 30.5 | 7.8 | 22.7 |
| 1952 | 1642,5 | 54,931 | 12,562 | 42,369 | 33.4 | 7.6 | 25.8 |
| 1953 | 1685,8 | 54,697 | 14,530 | 40,167 | 32.4 | 8.6 | 23.8 |
| 1954 | 1731,7 | 56,946 | 13,045 | 43,901 | 32.9 | 7.5 | 25.4 |
| 1955 | 1782,8 | 60,335 | 15,812 | 44,523 | 33.8 | 8.9 | 25.0 |
| 1956 | 1838,4 | 62,960 | 10,894 | 52,066 | 34.2 | 5.9 | 28.3 |
| 1957 | 1900,4 | 62,966 | 10,838 | 52,128 | 33.1 | 5.7 | 27.4 |
| 1958 | 1955,0 | 56,826 | 11,548 | 45,278 | 29.1 | 5.9 | 23.2 |
| 1959 | 2011,4 | 60,978 | 11,024 | 49,954 | 30.3 | 5.5 | 24.8 |
| 1960 | 2082,5 | 69,715 | 10,670 | 59,045 | 33.5 | 5.1 | 28.4 |
| 1961 | 2165,9 | 73,653 | 11,035 | 62,618 | 34.0 | 5.1 | 28.9 |
| 1962 | 2255,9 | 75,909 | 13,001 | 62,908 | 33.6 | 5.8 | 27.8 |
| 1963 | 2341,8 | 80,733 | 13,042 | 67,691 | 34.5 | 5.6 | 28.9 |
| 1964 | 2426,1 | 84,300 | 13,132 | 71,168 | 34.7 | 5.4 | 29.3 |
| 1965 | 2512,4 | 92,448 | 16,474 | 75,974 | 36.8 | 6.6 | 30.2 |
| 1966 | 2594,2 | 91,825 | 15,491 | 76,334 | 35.4 | 6.0 | 29.4 |
| 1967 | 2673,8 | 93,988 | 17,546 | 76,442 | 35.2 | 6.6 | 28.6 |
| 1968 | 2761,0 | 101,462 | 16,577 | 84,885 | 36.7 | 6.0 | 30.7 |
| 1969 | 2851,5 | 98,831 | 17,390 | 81,441 | 34.7 | 6.1 | 28.6 |
| 1970 | 2942,1 | 102,201 | 18,686 | 83,515 | 34.8 | 6.4 | 28.4 |
| 1971 | 3044,4 | 111,839 | 17,173 | 94,666 | 36.8 | 5.7 | 31.1 |
| 1972 | 3148,2 | 111,069 | 19,895 | 91,174 | 35.3 | 6.3 | 29.0 |
| 1973 | 3244,4 | 115,157 | 23,343 | 91,814 | 35.5 | 7.2 | 28.3 |
| 1974 | 3344,8 | 123,338 | 24,923 | 98,415 | 36.9 | 7.5 | 29.4 |
| 1975 | 3446,6 | 127,464 | 27,965 | 99,499 | 37.0 | 8.1 | 28.9 |
| 1976 | 3549,3 | 135,243 | 30,101 | 105,142 | 38.2 | 8.5 | 29.7 |
| 1977 | 3652,9 | 132,875 | 32,110 | 100,765 | 36.4 | 8.8 | 27.6 |
| 1978 | 3752,7 | 140,622 | 31,048 | 109,574 | 37.5 | 8.3 | 29.2 |
| 1979 | 3852,2 | 145,431 | 29,822 | 115,609 | 37.8 | 7.7 | 30.1 |
| 1980 | 3954,5 | 146,422 | 31,830 | 114,592 | 37.0 | 8.0 | 29.0 |
| 1981 | 4060,4 | 155,508 | 31,637 | 123,871 | 38.3 | 7.8 | 30.5 |
| 1982 | 4173,2 | 159,571 | 32,053 | 127,518 | 38.2 | 7.7 | 30.5 |
| 1983 | 4293,1 | 164,710 | 32,553 | 132,157 | 38.3 | 7.6 | 30.7 |
| 1984 | 4419,9 | 176,197 | 32,872 | 143,325 | 39.8 | 7.4 | 32.4 |
| 1985 | 4558,1 | 182,716 | 32,014 | 150,702 | 40.0 | 7.0 | 33.0 |
| 1986 | 4707,9 | 198,647 | 31,993 | 166,654 | 42.1 | 6.8 | 35.3 |
| 1987 | 4861,6 | 204,450 | 33,543 | 170,907 | 41.9 | 6.9 | 35.0 |
| 1988 | 5013,0 | 201,864 | 35,334 | 166,530 | 40.2 | 7.0 | 33.2 |
| 1989 | 5165,9 | 200,430 | 33,395 | 167,035 | 38.7 | 6.5 | 32.3 |
| 1990 | 5302,4 | 205,813 | 33,020 | 172,793 | 38.8 | 6.2 | 32.6 |
| 1991 | 5433,3 | 212,598 | 33,067 | 179,531 | 39.1 | 6.1 | 33.0 |
| 1992 | 5536,4 | 179,534 | 36,718 | 142,816 | 32.4 | 6.6 | 25.8 |
| 1993 | 5573,4 | 186,504 | 49,326 | 137,178 | 33.5 | 8.9 | 24.6 |
| 1994 | 5606,8 | 191,596 | 39,943 | 151,653 | 34.2 | 7.1 | 27.0 |
| 1995 | 5667,7 | 193,182 | 34,274 | 158,908 | 34.1 | 6.0 | 28.0 |
| 1996 | 5735,3 | 172,341 | 31,792 | 140,549 | 30.0 | 5.5 | 24.5 |
| 1997 | 5822,5 | 178,127 | 28,710 | 149,417 | 30.6 | 4.9 | 25.7 |
| 1998 | 5938,6 | 185,733 | 27,397 | 158,336 | 31.3 | 4.6 | 26.7 |
| 1999 | 6064,1 | 180,888 | 25,495 | 155,393 | 29.8 | 4.2 | 25.6 |
| 2000 | 6196,5 | 167,246 | 29,387 | 137,859 | 27.0 | 4.7 | 22.3 |
| 2001 | 6317,9 | 171,623 | 32,015 | 139,608 | 27.2 | 5.1 | 22.1 |
| 2002 | 6429,2 | 175,599 | 31,142 | 144,457 | 27.3 | 4.8 | 22.4 |
| 2003 | 6543,0 | 177,938 | 33,185 | 144,753 | 27.1 | 5.1 | 22.0 |
| 2004 | 6658,9 | 179,563 | 29,741 | 149,822 | 26.8 | 4.4 | 22.3 |
| 2005 | 6780,6 | 180,790 | 31,520 | 149,270 | 26.4 | 4.6 | 21.8 |
| 2006 | 6903,9 | 186,463 | 31,990 | 154,473 | 26.7 | 4.6 | 22.1 |
| 2007 | 7031,2 | 200,010 | 33,686 | 166,324 | 28.1 | 4.7 | 23.3 |
| 2008 | 7173,8 | 203,332 | 31,996 | 171,336 | 27.9 | 4.4 | 23.5 |
| 2009 | 7334,1 | 199,826 | 32,332 | 167,504 | 26.8 | 4.3 | 22.5 |
| 2010 | 7519,3 | 239,805 | 33,343 | 206,462 | 31.7 | 4.4 | 27.3 |
| 2011 | 7714,2 | 224,178 | 33,855 | 190,323 | 29.1 | 4.4 | 24.7 |
| 2012 | 7897,3 | 219,281 | 33,972 | 185,309 | 27.8 | 4.3 | 23.5 |
| 2013 | 8074,3 | 209,417 | 31,706 | 177,711 | 25.9 | 3.9 | 22.0 |
| 2014 | 8246.0 | 229,500 | 32,900 | 196,600 | 27.8 | 4.0 | 23.8 |