# GDP per capita (current US$) by country and year (selected developing economies)

| Country name | 2012 | 2013 | 2014 | 2015 | 2016 |
|---|---:|---:|---:|---:|---:|
| South Africa | 7,497.05 | 6,859.65 | 6,502.36 | 5,743.31 | 5,273.63 |
| Nigeria | 2,738.74 | 2,999.00 | 3,231.78 | 2,688.78 | 2,176.00 |
| Kenya | 1,169.45 | 1,270.66 | 1,380.10 | 1,377.55 | 1,455.00 |
| Ethiopia | 467.08 | 499.44 | 566.93 | 639.70 | 719.50 |
| Egypt, Arab Rep. | 3,218.41 | 3,356.89 | 3,287.53 | 3,048.42 | 2,497.63 |
| Indonesia | 3,747.58 | 3,624.34 | 3,491.67 | 3,331.70 | 3,605.74 |
| Vietnam | 1,755.27 | 1,909.55 | 2,052.30 | 2,111.86 | 2,205.12 |
| Philippines | 2,597.04 | 2,752.12 | 2,870.04 | 2,958.98 | 3,053.12 |