# GDP per capita (current US$) by country and year (selected economies)

| Country name | 2017 | 2018 | 2019 | 2020 | 2021 |
|---|---:|---:|---:|---:|---:|
| United States | 60,062.22 | 62,996.47 | 65,280.68 | 63,544.12 | 70,248.63 |
| Canada | 45,032.12 | 46,556.12 | 46,194.73 | 43,241.62 | 52,051.56 |
| Mexico | 9,284.64 | 9,673.44 | 9,946.03 | 8,551.16 | 10,046.23 |
| Brazil | 9,889.17 | 9,132.10 | 8,897.29 | 6,792.34 | 7,507.16 |
| Germany | 44,842.31 | 47,603.03 | 46,259.72 | 45,229.24 | 51,203.55 |
| Japan | 38,652.19 | 39,329.21 | 40,247.14 | 40,081.56 | 39,312.07 |
| China | 8,759.04 | 9,901.01 | 10,276.66 | 10,408.72 | 12,551.36 |
| India | 1,981.60 | 2,096.73 | 2,101.45 | 1,901.73 | 2,277.43 |