# Total Public Debt by Country (General Government) — 2016–2021

| Country | 2016 (USD bn) | 2017 (USD bn) | 2018 (USD bn) | 2019 (USD bn) | 2020 (USD bn) | 2021 (USD bn) |
|---|---:|---:|---:|---:|---:|---:|
| United States | 19,500 | 20,200 | 21,500 | 22,700 | 26,900 | 28,400 |
| Japan | 10,500 | 10,800 | 10,900 | 11,200 | 12,000 | 12,300 |
| Italy | 2,300 | 2,350 | 2,400 | 2,450 | 2,700 | 2,800 |
| France | 2,200 | 2,250 | 2,300 | 2,400 | 2,900 | 3,000 |
| Germany | 2,100 | 2,050 | 2,000 | 1,950 | 2,500 | 2,600 |
| Brazil | 1,500 | 1,450 | 1,400 | 1,350 | 1,300 | 1,350 |
| India | 1,700 | 1,800 | 1,900 | 2,000 | 2,200 | 2,350 |