# Highest-Grossing Films Ranked by Worldwide Total with Regional Rollups

| Rank | Film | Worldwide Total (USD) | North America (USD) | Europe (USD) | China (USD) | Rest of World (USD) |
| --- | --- | ---: | ---: | ---: | ---: | ---: |
| 1 | Avatar | 2,923,706,026 | 785,221,649 | 720,000,000 | 261,000,000 | 1,157,484,377 |
| 2 | Avengers: Endgame | 2,799,439,100 | 858,373,000 | 650,000,000 | 629,000,000 | 662,066,100 |
| 3 | Titanic | 2,264,743,305 | 674,292,608 | 420,000,000 | 145,000,000 | 1,025,450,697 |
| 4 | Star Wars: The Force Awakens | 2,068,223,624 | 936,662,225 | 310,000,000 | 124,000,000 | 697,561,399 |
| 5 | Jurassic World | 1,671,713,208 | 652,270,625 | 300,000,000 | 228,000,000 | 491,442,583 |
| 6 | Furious 7 | 1,515,341,399 | 353,007,020 | 260,000,000 | 390,000,000 | 512,334,379 |
| 7 | Frozen II | 1,450,026,933 | 477,373,578 | 240,000,000 | 122,000,000 | 610,653,355 |