# GDP per capita by country (PPP, international $)

| Country | 2018 (Int$) | 2019 (Int$) | 2020 (Int$) | 2021 (Int$) | 2022 (Int$) |
| --- | ---: | ---: | ---: | ---: | ---: |
| Qatar | 130,500 | 128,900 | 121,300 | 124,600 | 127,200 |
| Luxembourg | 112,400 | 115,800 | 112,100 | 118,300 | 121,900 |
| Singapore | 105,200 | 107,900 | 102,600 | 110,400 | 114,700 |
| United States | 62,900 | 65,300 | 63,600 | 69,200 | 72,600 |
| Germany | 56,100 | 57,900 | 55,800 | 59,700 | 61,300 |
| Japan | 45,500 | 46,400 | 44,900 | 47,300 | 49,000 |
| China | 16,700 | 17,900 | 18,300 | 20,100 | 21,900 |
| India | 6,900 | 7,200 | 6,700 | 7,600 | 8,300 |