# GDP per capita by country (constant 2015 US$)

| Country | 2010 (constant 2015 US$) | 2012 (constant 2015 US$) | 2014 (constant 2015 US$) | 2016 (constant 2015 US$) | 2018 (constant 2015 US$) | 2020 (constant 2015 US$) |
| --- | ---: | ---: | ---: | ---: | ---: | ---: |
| United States | 54,200 | 55,800 | 56,900 | 57,600 | 59,200 | 58,700 |
| Canada | 44,100 | 44,800 | 45,500 | 46,000 | 46,800 | 45,900 |
| United Kingdom | 41,500 | 42,100 | 42,600 | 43,200 | 44,000 | 42,900 |
| France | 39,200 | 39,800 | 40,100 | 40,500 | 41,100 | 39,800 |
| Italy | 34,900 | 35,200 | 35,000 | 35,300 | 35,700 | 34,600 |
| Brazil | 11,900 | 12,300 | 12,400 | 12,600 | 12,900 | 11,800 |
| South Africa | 10,900 | 11,100 | 11,000 | 11,200 | 11,300 | 10,600 |