# History of the rupee
> Valuation history

| Year | Exchange rate (INR per USD) |
| --- | --- |
| 1948 | 1.30 |
| 1949 | 3.67 |
| 1950 - 1966 | 4.76 [16] |
| 1966 | 7.50 [16] |
| 1975 | 8.39 [16] |
| 1980 | 7.86 [17] |
| 1985 | 12.38 [17] |
| 1990 | 17.01 [17] |
| 1995 | 32.427 |
| 2000 | 43.50 [17] |
| 2005 (Jan) | 43.47 [17] |
| 2006 (Jan) | 45.19 [17] |
| 2007 (Jan) | 39.42 [17] |
| 2008 (October) | 48.88 |
| 2009 (October) | 46.37 |
| 2010 (22 January) | 46.21 |
| 2011 (April) | 44.17 |
| 2011 (21 September) | 48.24 |
| 2011 (17 November) | 55.3950 |
| 2012 (22 June) | 57.15 [18] |
| 2013 (15 May) | 54.73 [19] |
| 2013 (12 Sep) | 62.92 [20] |
| 2014 (15 May) | 59.44 [21] |
| 2014 (12 Sep) | 60.95 [22] |
| 2015 (15 Apr) | 62.30 [23] |
| 2015 (15 May) | 64.22 |
| 2015 (19 sep) | 65.87 |
| 2015(30 nov) | 66.79 |
| 2016(20 Jan) | 68.01 |
| 2016(25 Jan) | 67.63 |
| 2016(25 Feb) | 68.82 |
| 2016 (14 April) | 66.56 |
| 2016 (22 Sep) | 67.02 |